Logistic Regression Classification Report:
              precision    recall  f1-score   support

           0       0.96      0.97      0.96      1343
           1       0.95      0.97      0.96      1600
           2       0.91      0.89      0.90      1380
           3       0.90      0.89      0.90      1433
           4       0.92      0.93      0.92      1295
           5       0.88      0.88      0.88      1273
           6       0.94      0.95      0.95      1396
           7       0.93      0.94      0.94      1503
           8       0.90      0.87      0.88      1357
           9       0.90      0.90      0.90      1420

    accuracy                           0.92     14000
   macro avg       0.92      0.92      0.92     14000
weighted avg       0.92      0.92      0.92     14000


Neural Network Classification Report:
              precision    recall  f1-score   support

           0       0.95      0.99      0.97      1343
           1       0.96      0.99      0.98      1600
           2       0.98      0.92      0.95      1380
           3       0.88      0.98      0.93      1433
           4       0.94      0.97      0.96      1295
           5       0.99      0.90      0.94      1273
           6       0.98      0.96      0.97      1396
           7       0.93      0.98      0.95      1503
           8       0.95      0.93      0.94      1357
           9       0.98      0.88      0.93      1420

    accuracy                           0.95     14000
   macro avg       0.95      0.95      0.95     14000
weighted avg       0.95      0.95      0.95     14000
